# Created by Octave 4.0.0, Tue Jul 18 10:19:17 2017 CEST <pepelik@smajlik>
# name: x
# type: matrix
# rows: 56
# columns: 1
 1
 2
 3
 4
 5
 6
 7
 8
 9
 10
 11
 12
 13
 14
 15
 16
 17
 18
 19
 20
 21
 22
 23
 24
 25
 26
 27
 28
 29
 30
 31
 32
 33
 34
 35
 36
 37
 38
 39
 40
 41
 42
 43
 44
 45
 46
 47
 48
 49
 50
 51
 52
 53
 54
 55
 56


# name: y
# type: class
# classname: infsup
# length: 2
# name: inf
# type: cell
# rows: 1
# columns: 1
# name: <cell-element>
# type: matrix
# rows: 56
# columns: 1
 76.85553
 62.55605
 49.75749
 42.55708
 36.74414
 31.23923
 28.54207
 24.33936
 22.15526
 19.67561
 17.95694
 16.01729
 14.80611
 13.45727
 11.65639
 9.602309
 8.998137
 7.673748
 6.839092
 6.555575
 6.041263
 5.064429
 4.570171
 4.12712
 3.838099
 3.777002
 3.513861
 3.40996
 3.155843
 3.018169
 2.868532
 2.557749
 2.38222
 2.226033
 1.984561
 0.1957406
 2.28781
 1.942697
 1.992002
 2.060744
 1.9557
 1.95757
 0.7968504
 1.77783
 1.829461
 1.665405
 1.66672
 1.666476
 1.599887
 1.54917
 1.467206
 1.521327
 1.286278
 1.294004
 1.304732
 0.1353817





# name: sup
# type: cell
# rows: 1
# columns: 1
# name: <cell-element>
# type: matrix
# rows: 56
# columns: 1
 78.23309
 63.68125
 53.78976
 42.8687
 37.6145
 31.90472
 29.10966
 24.58967
 22.33416
 19.68239
 17.96349
 16.42292
 14.82437
 13.55024
 11.74049
 10.0136
 9.025572
 7.910153
 7.155483
 6.66006
 6.132348
 5.17812
 4.667603
 4.214358
 3.850878
 3.785071
 3.552011
 4.051026
 3.245176
 3.065356
 2.961007
 2.703051
 2.410278
 2.282917
 2.03993
 0.3256714
 2.308408
 2.262895
 2.036007
 2.103663
 2.049789
 1.991394
 1.021608
 1.791773
 1.943452
 1.805329
 1.746205
 1.725898
 1.635694
 1.591895
 1.632932
 1.610928
 1.325204
 1.378765
 1.398495
 0.1439462







